536 1 0 0
951 1 4 0
1062 1 11 0
1063 1 19 0
1175 1 27 0
1290 1 36 0
1327 1 47 0
1368 1 59 0
1388 1 72 0
1407 2 0 0
1160 2 15 0
1311 2 25 0
1422 2 38 0
1306 2 56 0
1421 2 70 0
1493 3 0 0
1497 4 0 0
911 4 64 0
1370 4 73 0
1496 5 0 0
1194 5 51 0
1406 5 64 0
1449 6 0 0
1495 6 24 0
31 6 76 0
871 6 77 0
952 6 86 0
1184 7 0 0
1260 7 13 0
1299 7 28 0
1325 7 44 0
1326 7 61 0
1350 7 78 0
1389 8 0 0
1404 8 20 0
1429 8 41 0
1470 8 64 0
1487 9 0 0
1492 9 35 0
1253 9 79 0
1159 10 0 0
1399 10 13 0
1475 10 34 0
1154 10 64 0
1236 10 77 0
967 11 0 0
1182 11 11 0
1484 11 25 0
287 11 60 0
879 11 64 0
1024 11 74 0
1171 12 0 0
1172 12 14 0
1250 12 28 0
1251 12 44 0
1310 12 60 0
1356 13 0 0
1375 13 20 0
1424 13 41 0
499 13 66 0
1209 13 72 0
1237 14 0 0
1271 14 16 0
1372 14 33 0
1400 14 54 0
1410 15 0 0
1434 15 24 0
1479 15 50 0
1483 16 0 0
1488 16 36 0
1489 17 0 0
1490 17 40 0
277 17 81 0
1072 18 0 0
1199 18 13 0
1298 18 28 0
1395 18 46 0
1412 18 69 0
1413 19 0 0
1428 19 25 0
1474 19 51 0
1122 20 0 0
1225 20 14 0
1355 20 30 0
1419 20 51 0
1486 21 0 0
452 21 40 0
659 21 46 0
1173 21 54 0
1369 21 69 0
1442 22 0 0
1452 22 28 0
1494 23 0 0
76 23 54 0
346 23 56 0
348 23 61 0
559 23 66 0
641 23 73 0
728 23 81 0
729 24 0 0
956 24 9 0
957 24 21 0
1022 24 33 0
1156 24 46 0
1158 24 61 0
1235 24 76 0
1317 25 0 0
1318 25 20 0
1411 25 40 0
1420 25 66 0
1439 26 0 0
1440 26 28 0
1448 26 56 0
1462 27 0 0
1463 27 31 0
65 27 62 0
70 27 64 0
431 27 66 0
433 27 72 0
800 27 78 0
802 28 0 0
1077 28 10 0
1139 28 24 0
1191 28 39 0
1192 28 55 0
1314 28 71 0
1373 29 0 0
1408 29 23 0
1415 29 49 0
1416 30 0 0
1443 30 27 0
1444 30 56 0
1482 31 0 0
1485 31 39 0
240 31 81 0
534 31 85 0
855 32 0 0
931 32 11 0
932 32 23 0
1120 32 35 0
1180 32 50 0
1181 32 66 0
1248 33 0 0
1303 33 18 0
1346 33 38 0
1376 33 60 0
1438 34 0 0
325 34 29 0
520 34 34 0
521 34 41 0
525 34 48 0
771 34 55 0
986 34 65 0
1045 34 78 0
1210 35 0 0
1211 35 17 0
1294 35 34 0
1335 35 54 0
1385 36 0 0
1471 36 25 0
1491 37 0 0
589 37 50 0
760 37 58 0
963 37 68 0
1023 37 81 0
1086 38 0 0
1087 38 15 0
1203 38 30 0
1204 38 47 0
1288 38 64 0
1307 39 0 0
1328 39 21 0
1329 39 43 0
1347 39 65 0
1379 40 0 0
1393 40 25 0
1435 40 51 0
1436 41 0 0
1447 41 30 0
1460 41 61 0
1481 42 0 0
306 42 41 0
740 42 46 0
818 42 56 0
950 42 67 0
1008 42 80 0
1066 43 0 0
1068 43 15 0
1125 43 30 0
1126 43 46 0
1127 43 62 0
1221 43 78 0
1244 44 0 0
1272 44 19 0
1273 44 39 0
1275 44 59 0
1276 45 0 0
1300 45 20 0
1319 45 41 0
1340 45 63 0
1361 46 0 0
1386 46 24 0
1409 46 50 0
1450 47 0 0
1466 47 32 0
1478 48 0 0
300 48 41 0
472 48 46 0
580 48 53 0
645 48 61 0
646 48 70 0
726 48 79 0
869 49 0 0
988 49 12 0
1051 49 26 0
1052 49 41 0
1053 49 56 0
1055 49 71 0
1110 50 0 0
1113 50 16 0
1114 50 32 0
1262 50 48 0
1264 50 68 0
1330 51 0 0
1380 51 23 0
1405 51 49 0
1432 52 0 0
1433 52 31 0
1456 52 62 0
1469 53 0 0
374 53 36 0
461 53 42 0
462 53 49 0
562 53 56 0
567 53 64 0
630 53 72 0
633 53 81 0
782 54 0 0
783 54 11 0
852 54 22 0
853 54 34 0
916 54 46 0
917 54 59 0
919 54 72 0
975 55 0 0
982 55 14 0
1032 55 28 0
1033 55 43 0
1034 55 58 0
1036 55 73 0
1097 56 0 0
1100 56 16 0
1198 56 32 0
1226 56 50 0
1302 56 69 0
1321 57 0 0
1362 57 23 0
1363 57 48 0
1364 58 0 0
1374 58 25 0
1425 58 51 0
1453 59 0 0
1461 59 34 0
199 59 69 0
283 59 73 0
447 59 78 0
544 59 85 0
548 60 0 0
549 60 8 0
616 60 16 0
764 60 25 0
836 60 36 0
901 60 48 0
958 60 61 0
959 60 75 0
960 61 0 0
1013 61 14 0
1015 61 29 0
1016 61 44 0
1078 61 59 0
1129 61 75 0
1130 62 0 0
1131 62 17 0
1183 62 34 0
1217 62 52 0
1218 62 71 0
1266 63 0 0
1292 63 21 0
1293 63 43 0
1331 63 65 0
1332 64 0 0
1333 64 24 0
1377 64 48 0
1378 65 0 0
1430 65 27 0
1441 65 59 0
124 65 92 0
356 65 0 49
434 65 6 49
435 65 13 49
531 65 20 49
532 65 28 49
598 65 36 49
601 65 45 49
602 65 54 49
677 65 63 49
682 65 73 49
683 65 83 49
750 66 0 0
752 66 11 0
758 66 22 0
826 66 33 0
827 66 45 0
946 66 57 0
1056 66 71 0
1112 66 0 48
1164 66 17 48
1166 66 35 48
1168 66 53 48
1208 66 71 48
1254 67 0 0
1255 67 21 0
1284 67 42 0
1341 67 64 0
1359 67 0 48
1360 67 26 48
1383 67 52 48
1384 68 0 0
1446 68 28 0
1464 68 0 48
1467 68 37 48
1468 69 0 0
1477 69 38 0
185 69 81 0
264 69 85 0
341 69 90 0
342 69 0 48
417 69 6 48
512 69 13 48
513 69 21 48
588 69 29 48
667 69 38 48
808 69 48 48
865 69 60 48
866 69 73 48
867 70 0 0
868 70 13 0
922 70 26 0
923 70 40 0
924 70 54 0
1090 70 68 0
1091 70 0 47
1092 70 17 47
1093 70 34 47
1155 70 51 47
1190 70 69 47
1242 71 0 0
1269 71 21 0
1316 71 43 0
1349 71 67 0
1390 71 0 47
1391 71 29 47
1414 71 58 47
1426 72 0 0
1427 72 33 0
1457 72 0 47
1480 72 37 47
180 72 83 47
500 72 87 47
501 73 0 0
583 73 8 0
718 73 17 0
785 73 28 0
788 73 40 0
789 73 52 0
906 73 64 0
907 73 78 0
908 73 0 46
965 73 14 46
1073 73 29 46
1176 73 46 46
1231 73 65 46
1286 74 0 0
1287 74 23 0
1305 74 46 0
1382 74 0 46
1394 74 29 46
1403 74 59 46
1454 75 0 0
1458 75 37 0
1459 75 0 46
322 75 38 46
404 75 44 46
484 75 51 46
489 75 59 46
571 75 67 46
624 75 76 46
626 75 86 46
631 76 0 0
632 76 10 0
699 76 20 0
700 76 31 0
765 76 42 0
768 76 54 0
772 76 66 0
833 76 78 0
834 76 0 45
893 76 13 45
895 76 27 45
898 76 41 45
899 76 55 45
947 76 69 45
948 77 0 0
992 77 15 0
993 77 31 0
998 77 47 0
999 77 63 0
1050 77 79 0
1054 77 0 45
1103 77 17 45
1104 77 35 45
1105 77 53 45
1106 77 71 45
1157 78 0 0
1200 78 19 0
1202 78 39 0
1247 78 59 0
1295 78 0 45
1315 78 24 45
1366 78 49 45
1431 79 0 0
1465 79 35 0
1473 79 0 45
1476 79 42 45
17 79 87 45
237 79 88 45
238 80 0 0
312 80 5 0
468 80 11 0
469 80 19 0
556 80 27 0
755 80 36 0
815 80 48 0
817 80 61 0
873 80 74 0
876 80 0 44
877 80 14 44
930 80 28 44
1025 80 43 44
1026 80 60 44
1028 80 77 44
1029 81 0 0
1030 81 17 0
1085 81 34 0
1133 81 52 0
1135 81 71 0
1136 81 0 44
1179 81 19 44
1213 81 39 44
1257 81 60 44
1258 82 0 0
1285 82 23 0
1301 82 47 0
1336 82 0 44
1337 82 27 44
1338 82 54 44
1354 83 0 0
1401 83 28 0
1402 83 60 0
1445 83 0 44
1451 83 37 44
1472 84 0 0
228 84 42 0
302 84 47 0
448 84 53 0
449 84 61 0
535 84 69 0
592 84 78 0
730 84 0 44
731 84 12 44
732 84 24 44
795 84 36 44
854 84 49 44
961 84 63 44
962 84 79 44
1011 85 0 0
1059 85 17 0
1115 85 35 0
1116 85 54 0
1117 85 73 0
1161 85 0 43
1162 85 20 43
1205 85 40 43
1267 85 61 43
1268 86 0 0
1291 86 24 0
1312 86 49 0
1342 86 0 43
1343 86 28 43
1344 86 56 43
1381 87 0 0
1423 87 31 0
1437 87 0 43
1455 87 37 43
87 87 77 43
152 87 80 43
291 87 84 43
292 87 90 43
524 88 0 0
587 88 9 0
652 88 19 0
655 88 30 0
656 88 41 0
776 88 52 0
778 88 65 0
779 88 78 0
892 88 0 42
990 88 15 42
1040 88 32 42
1047 88 50 42
1048 88 68 42
1146 89 0 0
1150 89 20 0
1232 89 40 0
1233 89 63 0
1234 89 0 42
1396 89 23 42
1397 89 56 42
1398 90 0 0
37 90 33 0
216 90 35 0
284 90 40 0
354 90 46 0
355 90 53 0
416 90 60 0
581 90 68 0
582 90 78 0
634 90 0 42
635 90 11 42
691 90 22 42
692 90 34 42
762 90 46 42
763 90 59 42
823 90 72 42
872 91 0 0
921 91 15 0
973 91 31 0
974 91 48 0
1021 91 65 0
1065 91 0 41
1118 91 19 41
1163 91 39 41
1223 91 60 41
1224 92 0 0
1239 92 23 0
1240 92 47 0
1265 92 71 0
1289 92 0 41
1352 92 26 41
1353 92 56 41
1387 93 0 0
1417 93 33 0
269 93 70 0
270 93 76 0
335 93 82 0
337 93 89 0
409 93 0 41
477 93 8 41
479 93 17 41
483 93 26 41
561 93 35 41
612 93 45 41
613 93 56 41
615 93 67 41
675 93 78 41
679 94 0 0
734 94 12 0
735 94 25 0
736 94 38 0
737 94 51 0
738 94 64 0
743 94 77 0
797 94 0 40
805 94 14 40
849 94 28 40
904 94 43 40
905 94 59 40
994 94 75 40
995 95 0 0
997 95 18 0
1095 95 36 0
1099 95 56 0
1140 95 76 0
1143 95 0 40
1145 95 21 40
1147 95 42 40
1149 95 63 40
1228 96 0 0
1229 96 24 0
1274 96 48 0
1313 96 0 40
1357 96 28 40
1358 96 59 40
1371 97 0 0
1418 97 32 0
137 97 70 0
139 97 74 0
396 97 78 0
399 97 86 0
400 97 0 40
464 97 8 40
933 97 17 40
934 97 34 40
935 97 51 40
983 97 68 40
984 98 0 0
1193 98 18 0
1259 98 41 0
1280 98 67 0
1345 98 0 39
1392 98 31 39
73 98 66 39
190 98 69 39
318 98 74 39
319 98 81 39
382 98 88 39
444 99 0 0
445 99 9 0
643 99 18 0
698 99 30 0
761 99 43 0
812 99 57 0
813 99 72 0
814 99 0 38
858 99 15 38
859 99 31 38
1000 99 47 38
1001 99 66 38
1088 100 0 0
1089 100 21 0
1132 100 42 0
1134 100 64 0
1137 100 0 38
1177 100 22 38
1227 100 45 38
1243 100 70 38
1245 101 0 0
1304 101 26 0
64 101 55 0
182 101 58 0
243 101 63 0
365 101 69 0
425 101 77 0
426 101 86 0
502 101 0 38
575 101 10 38
576 101 21 38
577 101 32 38
578 101 43 38
622 101 54 38
733 101 66 38
790 101 80 38
791 102 0 0
792 102 15 0
840 102 30 0
841 102 46 0
890 102 62 0
891 102 79 0
937 102 0 37
938 102 18 37
1064 102 36 37
1108 102 57 37
1186 103 0 0
1187 103 24 0
1188 103 48 0
1189 103 72 0
1215 103 0 37
1230 103 25 37
1252 103 51 37
1270 104 0 0
1320 104 28 0
1334 104 59 0
1348 104 0 37
1365 104 33 37
173 104 67 37
233 104 72 37
234 104 78 37
290 104 84 37
358 105 0 0
360 105 8 0
415 105 16 0
488 105 25 0
593 105 35 0
597 105 47 0
603 105 59 0
662 105 71 0
663 105 84 0
666 105 0 36
767 105 13 36
828 105 28 36
829 105 44 36
830 105 60 36
910 105 76 36
912 106 0 0
1042 106 18 0
1043 106 39 0
1044 106 60 0
1082 106 0 36
1084 106 22 36
1123 106 44 36
1124 106 67 36
1165 107 0 0
1167 107 24 0
1169 107 48 0
1201 107 72 0
1219 107 0 36
1220 107 26 36
1222 107 52 36
1256 108 0 0
1277 108 28 0
1296 108 57 0
1297 108 0 36
1308 108 30 36
1309 108 61 36
1322 109 0 0
1323 109 32 0
1324 109 64 0
1367 109 0 36
60 109 35 36
113 109 38 36
115 109 42 36
116 109 46 36
224 109 50 36
226 109 56 36
457 109 62 36
458 109 72 36
459 109 82 36
460 110 0 0
463 110 10 0
533 110 20 0
584 110 31 0
636 110 43 0
637 110 56 0
638 110 69 0
639 110 82 0
689 110 0 35
690 110 14 35
749 110 28 35
845 110 43 35
894 110 60 35
897 110 78 35
900 111 0 0
936 111 18 0
976 111 37 0
977 111 57 0
980 111 77 0
981 111 0 35
1012 111 20 35
1014 111 41 35
1017 111 62 35
1057 112 0 0
1058 112 22 0
1101 112 44 0
1102 112 67 0
1141 112 0 35
1144 112 24 35
1148 112 48 35
1151 112 72 35
1178 113 0 0
1206 113 25 0
1207 113 51 0
1238 113 0 35
1278 113 28 35
1279 113 58 35
1339 114 0 0
1351 114 34 0
108 114 69 0
266 114 73 0
383 114 80 0
386 114 0 35
440 114 9 35
505 114 19 35
506 114 30 35
509 114 41 35
579 114 52 35
617 114 64 35
618 114 77 35
674 115 0 0
723 115 14 0
724 115 29 0
831 115 44 0
832 115 61 0
870 115 78 0
909 115 0 34
953 115 19 34
954 115 39 34
989 115 59 34
991 116 0 0
1027 116 21 0
1031 116 43 0
1074 116 65 0
1109 116 0 34
1111 116 24 34
1185 116 48 34
1241 117 0 0
1261 117 29 0
1263 117 59 0
1281 117 0 34
1282 117 31 34
10 117 62 34
30 117 63 34
96 117 65 34
99 117 69 34
254 117 73 34
255 117 80 34
422 117 87 34
423 118 0 0
424 118 10 0
552 118 20 0
554 118 32 0
555 118 44 0
701 118 56 0
757 118 71 0
806 118 0 33
807 118 17 33
888 118 34 33
889 118 53 33
928 118 72 33
929 119 0 0
966 119 20 0
968 119 41 0
969 119 62 0
1049 119 0 33
1079 119 23 33
1080 119 47 33
1081 119 71 33
1083 120 0 0
1119 120 24 0
1121 120 49 0
1212 120 0 33
1214 120 28 33
1246 120 56 33
1249 121 0 0
1283 121 30 0
55 121 62 0
91 121 65 0
142 121 69 0
411 121 74 0
466 121 84 0
470 121 0 33
529 121 11 33
530 121 23 33
774 121 35 33
775 121 52 33
856 121 69 33
857 121 0 65
860 121 19 65
861 121 38 65
943 121 57 65
945 122 0 0
1018 122 21 0
1019 122 44 0
1020 122 67 0
1094 122 0 32
1096 122 25 32
1098 122 50 32
1128 122 0 64
29 122 26 64
85 122 28 64
133 122 32 64
134 122 37 64
135 122 42 64
183 122 47 64
288 122 53 64
332 122 61 64
333 122 70 64
391 122 79 64
392 123 0 0
393 123 10 0
441 123 20 0
442 123 31 0
503 123 42 0
568 123 54 0
569 123 67 0
570 123 80 0
605 123 0 31
606 123 14 31
660 123 28 31
661 123 43 31
702 123 58 31
703 123 74 31
704 123 0 62
705 123 16 62
793 123 32 62
794 123 50 62
837 123 68 62
838 124 0 0
839 124 19 0
880 124 38 0
920 124 58 0
955 124 0 31
987 124 22 31
1060 124 45 31
1061 124 70 31
1138 124 0 62
1170 124 27 62
1195 124 55 62
1196 125 0 0
1197 125 29 0
1216 125 58 0
9 125 88 0
125 125 89 0
225 125 0 31
227 125 7 31
274 125 14 31
323 125 22 31
324 125 31 31
375 125 40 31
377 125 50 31
421 125 60 31
487 125 71 31
491 125 83 31
540 125 0 61
625 125 13 61
629 125 28 61
685 125 43 61
722 125 59 61
725 125 76 61
766 126 0 0
848 126 18 0
850 126 38 0
851 126 58 0
896 126 0 30
925 126 21 30
926 126 43 30
927 126 65 30
964 126 0 60
996 126 23 60
1035 126 47 60
1067 127 0 0
1069 127 26 0
1070 127 52 0
1071 127 0 30
1142 127 26 30
1174 127 54 30
165 127 83 30
207 127 89 30
257 127 0 60
258 127 8 60
308 127 16 60
309 127 25 60
310 127 34 60
311 127 43 60
364 127 52 60
405 127 62 60
406 127 73 60
453 127 84 60
454 128 0 0
455 128 12 0
456 128 24 0
514 128 36 0
515 128 49 0
516 128 62 0
517 128 75 0
518 128 0 29
519 128 13 29
573 128 26 29
574 128 40 29
607 128 54 29
658 128 69 29
693 128 0 58
694 128 17 58
695 128 34 58
744 128 51 58
745 128 69 58
746 129 0 0
784 129 18 0
862 129 37 0
863 129 58 0
864 129 0 29
902 129 21 29
903 129 43 29
939 129 65 29
940 129 0 58
941 129 23 58
970 129 46 58
971 129 70 58
972 130 0 0
1002 130 24 0
1003 130 49 0
1004 130 0 29
1005 130 25 29
1006 130 50 29
1037 130 0 58
1038 130 26 58
1039 130 52 58
1075 131 0 0
1076 131 27 0
1107 131 54 0
1152 131 0 29
1153 131 29 29
40 131 58 29
41 131 61 29
44 131 64 29
67 131 67 29
68 131 71 29
111 131 75 29
112 131 80 29
200 131 85 29
338 131 0 58
387 131 10 58
432 131 21 58
493 131 33 58
494 131 46 58
496 131 59 58
545 131 72 58
546 132 0 0
547 132 14 0
585 132 28 0
623 132 43 0
671 132 59 0
672 132 76 0
673 132 0 28
710 132 17 28
796 132 35 28
798 132 55 28
799 132 75 28
801 132 0 56
803 132 20 56
804 132 40 56
835 132 60 56
874 133 0 0
875 133 22 0
878 133 44 0
942 133 66 0
944 133 0 28
978 133 24 28
979 133 49 28
1007 133 0 56
1009 133 26 56
1041 133 52 56
1046 134 0 0
7 134 27 0
186 134 28 0
188 134 35 0
231 134 42 0
280 134 50 0
281 134 59 0
282 134 68 0
366 134 77 0
522 134 0 28
523 134 14 28
572 134 28 28
594 134 43 28
596 134 59 28
647 134 75 28
688 134 0 55
727 134 18 55
769 134 37 55
770 134 57 55
773 134 77 55
809 135 0 0
810 135 21 0
811 135 42 0
842 135 63 0
843 135 0 27
844 135 22 27
881 135 44 27
882 135 67 27
883 135 0 54
884 135 23 54
885 135 46 54
985 135 69 54
1010 136 0 0
21 136 27 0
93 136 29 0
94 136 34 0
140 136 39 0
177 136 45 0
178 136 52 0
217 136 59 0
218 136 67 0
259 136 75 0
262 136 84 0
305 136 0 27
307 136 10 27
349 136 20 27
397 136 31 27
398 136 43 27
436 136 55 27
437 136 68 27
495 136 81 27
497 136 0 53
498 136 14 53
537 136 28 53
538 136 43 53
539 136 58 53
541 136 73 53
542 137 0 0
619 137 15 0
620 137 32 0
621 137 49 0
664 137 66 0
665 137 0 26
696 137 18 26
697 137 37 26
739 137 56 26
741 137 76 26
742 137 0 52
777 137 20 52
780 137 41 52
781 137 62 52
816 138 0 0
819 138 22 0
820 138 44 0
821 138 66 0
822 138 0 26
846 138 22 26
847 138 45 26
886 138 68 26
887 138 0 52
913 138 24 52
914 138 49 52
915 139 0 0
918 139 25 0
949 139 50 0
6 139 76 0
166 139 77 0
167 139 84 0
204 139 0 26
206 139 8 26
248 139 16 26
250 139 25 26
328 139 34 26
372 139 45 26
376 139 57 26
511 139 69 26
560 139 0 51
564 139 16 51
590 139 32 51
591 139 49 51
627 139 66 51
628 140 0 0
668 140 18 0
669 140 37 0
670 140 56 0
706 140 75 0
707 140 0 25
708 140 20 25
709 140 40 25
747 140 60 25
748 140 0 50
824 140 21 50
825 140 44 50
34 140 67 50
51 140 70 50
54 140 74 50
150 140 78 50
155 140 85 50
193 141 0 0
196 141 8 0
229 141 16 0
232 141 25 0
268 141 34 0
271 141 44 0
272 141 54 0
315 141 64 0
316 141 75 0
394 141 0 24
395 141 13 24
401 141 26 24
402 141 39 24
403 141 52 24
429 141 65 24
476 141 79 24
480 141 0 48
490 141 15 48
492 141 30 48
595 141 45 48
599 141 63 48
600 141 0 72
604 141 18 72
640 141 36 72
642 141 55 72
644 141 74 72
676 142 0 0
678 142 20 0
680 142 40 0
681 142 60 0
684 142 0 24
711 142 20 24
712 142 41 24
713 142 62 24
714 142 0 48
715 142 21 48
716 142 42 48
717 142 63 48
751 142 0 72
753 142 22 72
754 142 44 72
756 142 66 72
786 143 0 0
787 143 23 0
109 143 46 0
181 143 52 0
253 143 60 0
293 143 70 0
294 143 81 0
295 143 0 24
296 143 11 24
297 143 22 24
298 143 33 24
299 143 44 24
329 143 55 24
330 143 67 24
331 143 79 24
367 143 0 47
368 143 13 47
369 143 26 47
370 143 39 47
371 143 52 47
412 143 65 47
413 143 79 47
450 143 0 70
451 143 15 70
543 143 30 70
608 143 47 70
609 143 66 70
610 144 0 0
611 144 19 0
648 144 38 0
649 144 58 0
650 144 0 23
651 144 20 23
686 144 40 23
719 144 61 23
720 144 0 46
721 144 22 46
759 144 44 46
132 144 67 46
168 144 74 46
170 144 82 46
203 144 0 69
236 144 9 69
278 144 19 69
279 144 30 69
313 144 41 69
314 144 53 69
350 144 65 69
351 144 78 69
352 145 0 0
353 145 13 0
388 145 26 0
389 145 40 0
390 145 54 0
418 145 68 0
419 145 0 22
420 145 15 22
465 145 30 22
467 145 46 22
504 145 62 22
507 145 79 22
508 145 0 44
510 145 17 44
550 145 34 44
551 145 52 44
553 145 70 44
614 145 0 66
653 145 20 66
654 145 41 66
657 145 62 66
687 146 0 0
5 146 22 0
14 146 23 0
59 146 25 0
86 146 30 0
88 146 36 0
149 146 42 0
151 146 50 0
153 146 58 0
154 146 66 0
187 146 74 0
222 146 83 0
256 146 0 22
289 146 11 22
427 146 23 22
428 146 39 22
430 146 55 22
471 146 71 22
473 146 0 43
474 146 17 43
475 146 34 43
557 146 51 43
558 146 70 43
586 146 0 64
4 146 20 64
82 146 21 64
83 146 27 64
84 146 33 64
110 146 39 64
114 146 46 64
141 146 53 64
171 146 61 64
172 146 70 64
174 146 79 64
205 147 0 0
235 147 10 0
239 147 21 0
267 147 32 0
275 147 44 0
276 147 56 0
303 147 68 0
304 147 81 0
334 147 0 20
336 147 14 20
339 147 28 20
340 147 42 20
373 147 56 20
407 147 71 20
408 147 0 40
410 147 16 40
438 147 32 40
439 147 49 40
478 147 66 40
481 147 0 60
482 147 18 60
485 147 36 60
486 147 54 60
526 147 72 60
527 148 0 0
528 148 19 0
563 148 38 0
565 148 58 0
566 148 0 20
26 148 20 20
74 148 23 20
75 148 29 20
101 148 35 20
102 148 42 20
162 148 49 20
163 148 58 20
164 148 67 20
189 148 76 20
191 148 86 20
221 148 0 40
251 148 11 40
252 148 23 40
285 148 35 40
286 148 48 40
317 148 61 40
320 148 75 40
321 148 0 59
343 148 14 59
344 148 29 59
345 148 44 59
347 148 59 59
378 148 74 59
379 148 0 78
380 148 16 78
381 148 32 78
414 148 48 78
443 148 65 78
446 149 0 0
45 149 18 0
47 149 23 0
62 149 28 0
63 149 34 0
119 149 40 0
121 149 48 0
122 149 56 0
123 149 64 0
143 149 72 0
144 149 81 0
176 149 0 19
230 149 10 19
260 149 22 19
261 149 35 19
263 149 48 19
357 149 61 19
359 149 77 19
361 149 0 37
384 149 16 37
385 149 33 37
58 149 50 37
104 149 56 37
105 149 64 37
106 149 72 37
107 149 80 37
127 149 88 37
128 149 0 55
129 149 9 55
130 149 18 55
158 149 27 55
159 149 37 55
160 149 47 55
161 149 57 55
184 149 67 55
208 149 78 55
209 149 0 72
210 149 12 72
211 149 24 72
212 149 36 72
213 149 48 72
214 149 60 72
215 149 72 72
241 149 84 72
242 150 0 0
265 150 13 0
301 150 27 0
326 150 42 0
327 150 58 0
362 150 74 0
363 150 0 17
18 150 17 17
69 150 20 17
89 150 27 17
90 150 35 17
120 150 43 17
169 150 52 17
192 150 63 17
194 150 75 17
195 150 0 34
219 150 12 34
220 150 25 34
244 150 38 34
245 150 52 34
273 150 66 34
8 150 81 34
27 150 83 34
61 150 87 34
79 150 0 50
81 150 8 50
103 150 16 50
126 150 25 50
145 150 35 50
146 150 46 50
175 150 57 50
197 150 69 50
198 150 82 50
223 150 0 65
246 150 14 65
247 150 29 65
249 150 44 65
23 150 59 65
38 150 63 65
39 150 69 65
42 150 75 65
43 150 81 65
56 150 87 65
66 150 0 80
71 150 8 80
72 150 16 80
131 150 24 80
147 150 35 80
148 150 47 80
156 150 59 80
179 150 71 80
201 151 0 0
202 151 14 0
20 151 28 0
22 151 32 0
48 151 36 0
49 151 43 0
50 151 50 0
77 151 57 0
92 151 66 0
117 151 76 0
118 151 0 14
136 151 11 14
138 151 23 14
157 151 35 14
12 151 48 14
35 151 51 14
52 151 57 14
53 151 65 14
78 151 73 14
80 151 83 14
95 151 0 27
97 151 11 27
98 151 22 27
100 151 33 27
15 151 44 27
16 151 48 27
36 151 52 27
19 151 59 27
28 151 64 27
32 151 70 27
46 151 77 27
57 151 86 27
33 151 0 39
13 151 8 39
24 151 13 39
25 151 20 39
11 151 27 39
3 151 32 39
1 151 34 39
2 151 35 39