1 1 0 0
2 1 1 0
3 1 4 0
4 1 6 0
5 1 7 0
6 1 8 0
7 1 9 0
8 1 10 0
9 1 12 0
10 1 13 0
11 1 14 0
12 1 19 0
13 1 22 0
14 1 27 0
15 1 29 0
16 1 33 0
17 1 37 0
18 1 38 0
19 1 41 0
20 1 46 0
21 1 50 0
22 1 52 0
23 1 56 0
24 1 60 0
25 1 67 0
26 1 74 0
27 1 77 0
28 1 81 0
29 1 87 0
30 1 89 0
31 1 91 0
32 1 0 68
33 1 7 68
34 1 15 68
35 1 18 68
36 1 24 68
37 2 31 0
38 2 33 0
39 2 39 0
40 2 45 0
41 2 48 0
42 2 51 0
43 2 57 0
44 2 63 0
45 2 66 0
46 2 71 0
47 2 80 0
48 2 85 0
49 2 0 13
50 2 7 13
51 2 14 13
52 2 18 13
53 2 26 13
54 2 34 13
55 2 38 13
56 2 41 13
57 2 48 13
58 2 58 13
59 2 64 13
60 2 69 13
61 2 72 13
62 2 79 13
63 2 85 13
64 2 91 13
65 2 94 13
66 2 0 69
67 2 8 69
68 2 12 69
69 2 16 69
70 3 23 0
71 3 25 0
72 3 33 0
73 3 41 0
74 3 44 0
75 3 50 0
76 3 56 0
77 3 58 0
78 3 67 0
79 3 77 0
80 3 85 0
81 3 0 12
82 3 8 12
83 3 14 12
84 3 20 12
85 3 26 12
86 3 30 12
87 3 36 12
88 3 39 12
89 3 45 12
90 3 53 12
91 3 61 12
92 3 65 12
93 3 75 12
94 3 80 12
95 3 85 12
96 3 0 24
97 3 4 24
98 3 15 24
99 3 26 24
100 3 30 24
101 3 41 24
102 3 48 24
103 3 55 24
104 3 64 24
105 3 72 24
106 3 80 24
107 3 88 24
108 3 0 41
109 3 4 41
110 3 10 41
111 3 17 41
112 3 22 41
113 3 27 41
114 3 31 41
115 3 38 41
116 3 42 41
117 3 46 41
118 3 57 41
119 3 68 41
120 3 76 41
121 3 85 41
122 3 0 59
123 3 8 59
124 4 16 0
125 4 19 0
126 4 24 0
127 4 34 0
128 4 43 0
129 4 52 0
130 4 61 0
131 4 70 0
132 4 81 0
133 4 88 0
134 4 0 31
135 4 5 31
136 4 10 31
137 4 22 31
138 4 26 31
139 4 38 31
140 4 42 31
141 4 48 31
142 4 56 31
143 4 61 31
144 4 70 31
145 4 79 31
146 4 0 46
147 4 11 46
148 4 23 46
149 4 35 46
150 4 43 46
151 4 50 46
152 4 58 46
153 4 62 46
154 4 70 46
155 4 78 46
156 4 85 46
157 4 0 60
158 4 13 60
159 4 23 60
160 4 33 60
161 4 43 60
162 4 53 60
163 4 62 60
164 4 71 60
165 4 80 60
166 4 86 60
167 5 0 0
168 5 7 0
169 5 15 0
170 5 26 0
171 5 34 0
172 5 43 0
173 5 52 0
174 5 57 0
175 5 66 0
176 5 78 0
177 5 88 0
178 5 0 26
179 5 7 26
180 5 20 26
181 5 24 26
182 5 32 26
183 5 37 26
184 5 43 26
185 5 54 26
186 5 58 26
187 5 65 26
188 5 74 26
189 5 81 26
190 5 91 26
191 5 0 64
192 5 10 64
193 5 22 64
194 5 30 64
195 5 42 64
196 5 54 64
197 5 62 64
198 5 75 64
199 6 0 0
200 6 4 0
201 6 11 0
202 6 25 0
203 6 39 0
204 6 48 0
205 6 56 0
206 6 66 0
207 6 74 0
208 6 81 0
209 6 0 17
210 6 12 17
211 6 24 17
212 6 36 17
213 6 48 17
214 6 60 17
215 6 72 17
216 6 84 17
217 6 89 17
218 6 0 43
219 6 8 43
220 6 21 43
221 6 34 43
222 6 45 43
223 6 55 43
224 6 69 43
225 6 75 43
226 6 82 43
227 6 88 43
228 7 0 0
229 7 5 0
230 7 14 0
231 7 26 0
232 7 34 0
233 7 43 0
234 7 49 0
235 7 55 0
236 7 66 0
237 7 76 0
238 7 81 0
239 7 86 0
240 7 0 20
241 7 4 20
242 7 17 20
243 7 30 20
244 7 36 20
245 7 50 20
246 7 64 20
247 7 79 20
248 7 0 35
249 7 9 35
250 7 24 35
251 7 33 35
252 7 45 35
253 7 57 35
254 7 67 35
255 7 74 35
256 7 81 35
257 7 0 56
258 7 8 56
259 7 16 56
260 7 25 56
261 7 38 56
262 7 51 56
263 7 60 56
264 8 0 0
265 8 5 0
266 8 19 0
267 8 26 0
268 8 38 0
269 8 48 0
270 8 54 0
271 8 60 0
272 8 70 0
273 8 80 0
274 8 0 16
275 8 8 16
276 8 20 16
277 8 32 16
278 8 36 16
279 8 47 16
280 8 58 16
281 8 67 16
282 8 76 16
283 8 85 16
284 8 90 16
285 8 0 57
286 8 13 57
287 9 26 0
288 9 30 0
289 9 38 0
290 9 50 0
291 9 57 0
292 9 63 0
293 9 69 0
294 9 80 0
295 9 0 23
296 9 11 23
297 9 22 23
298 9 33 23
299 9 44 23
300 9 55 23
301 9 60 23
302 9 75 23
303 9 81 23
304 9 0 43
305 9 13 43
306 9 23 43
307 9 28 43
308 9 38 43
309 9 47 43
310 9 56 43
311 9 65 43
312 9 74 43
313 9 80 43
314 9 0 65
315 9 12 65
316 9 23 65
317 9 34 65
318 10 0 0
319 10 7 0
320 10 14 0
321 10 28 0
322 10 42 0
323 10 48 0
324 10 57 0
325 10 66 0
326 10 71 0
327 10 0 17
328 10 16 17
329 10 27 17
330 10 39 17
331 10 51 17
332 10 63 17
333 10 72 17
334 10 81 17
335 10 0 37
336 10 7 37
337 10 21 37
338 10 28 37
339 10 38 37
340 10 52 37
341 10 66 37
342 10 72 37
343 10 78 37
344 10 0 56
345 10 15 56
346 11 30 0
347 11 35 0
348 11 50 0
349 11 55 0
350 11 66 0
351 11 79 0
352 11 0 22
353 11 13 22
354 11 26 22
355 11 33 22
356 11 40 22
357 11 46 22
358 11 62 22
359 11 70 22
360 11 86 22
361 11 0 58
362 11 16 58
363 11 33 58
364 11 50 58
365 11 60 58
366 11 68 58
367 11 79 58
368 12 0 0
369 12 13 0
370 12 26 0
371 12 39 0
372 12 52 0
373 12 64 0
374 12 79 0
375 12 85 0
376 12 0 30
377 12 12 30
378 12 22 30
379 12 38 30
380 12 54 30
381 12 70 30
382 12 86 30
383 13 0 0
384 13 9 0
385 13 26 0
386 13 43 0
387 13 52 0
388 13 63 0
389 13 77 0
390 13 0 22
391 13 14 22
392 13 24 22
393 13 34 22
394 13 44 22
395 13 57 22
396 13 70 22
397 13 78 22
398 13 0 48
399 13 12 48
400 13 20 48
401 13 28 48
402 13 41 48
403 13 54 48
404 13 67 48
405 13 74 48
406 13 85 48
407 13 0 77
408 13 16 77
409 14 32 0
410 14 40 0
411 14 56 0
412 14 66 0
413 14 80 0
414 14 0 23
415 14 17 23
416 14 26 23
417 14 34 23
418 14 41 23
419 14 56 23
420 14 71 23
421 14 86 23
422 14 0 53
423 14 10 53
424 14 20 53
425 14 30 53
426 14 39 53
427 14 48 53
428 14 64 53
429 14 80 53
430 15 0 0
431 15 16 0
432 15 22 0
433 15 34 0
434 15 40 0
435 15 47 0
436 15 54 0
437 15 67 0
438 15 80 0
439 15 0 20
440 15 17 20
441 15 27 20
442 15 38 20
443 15 49 20
444 15 67 20
445 15 76 20
446 15 0 58
447 16 18 0
448 16 25 0
449 16 33 0
450 16 41 0
451 16 56 0
452 16 71 0
453 16 77 0
454 16 0 29
455 16 12 29
456 16 24 29
457 16 36 29
458 16 46 29
459 16 56 29
460 16 66 29
461 16 76 29
462 16 83 29
463 17 0 0
464 17 10 0
465 17 19 0
466 17 35 0
467 17 46 0
468 17 62 0
469 17 70 0
470 17 78 0
471 17 0 32
472 17 17 32
473 17 24 32
474 17 41 32
475 17 58 32
476 17 75 32
477 17 0 56
478 17 9 56
479 17 27 56
480 17 36 56
481 17 51 56
482 17 69 56
483 17 87 56
484 18 0 0
485 18 8 0
486 18 26 0
487 18 44 0
488 18 56 0
489 18 66 0
490 18 74 0
491 18 0 24
492 18 12 24
493 18 27 24
494 18 40 24
495 18 53 24
496 18 67 24
497 18 80 24
498 18 0 50
499 19 14 0
500 19 20 0
501 19 28 0
502 19 36 0
503 19 46 0
504 19 58 0
505 19 75 0
506 19 86 0
507 19 0 34
508 19 17 34
509 19 34 34
510 19 45 34
511 19 62 34
512 19 77 34
513 19 85 34
514 20 0 0
515 20 13 0
516 20 26 0
517 20 39 0
518 20 52 0
519 20 65 0
520 20 78 0
521 20 85 0
522 20 0 54
523 20 14 54
524 20 28 54
525 21 0 0
526 21 7 0
527 21 26 0
528 21 45 0
529 21 64 0
530 21 76 0
531 21 88 0
532 21 0 48
533 21 8 48
534 22 19 0
535 22 26 0
536 22 35 0
537 22 39 0
538 22 54 0
539 22 69 0
540 22 84 0
541 22 0 30
542 22 15 30
543 22 30 30
544 22 47 30
545 22 55 30
546 22 69 30
547 22 83 30
548 23 0 0
549 23 8 0
550 23 16 0
551 23 34 0
552 23 52 0
553 23 64 0
554 23 82 0
555 23 0 33
556 23 12 33
557 23 21 33
558 23 40 33
559 23 59 33
560 23 66 33
561 23 82 33
562 24 0 0
563 24 8 0
564 24 28 0
565 24 44 0
566 24 64 0
567 24 84 0
568 24 0 50
569 24 13 50
570 24 26 50
571 24 39 50
572 24 48 50
573 24 63 50
574 24 77 50
575 25 0 0
576 25 11 0
577 25 22 0
578 25 33 0
579 25 44 0
580 25 56 0
581 25 64 0
582 25 74 0
583 25 84 0
584 25 0 46
585 25 12 46
586 25 27 46
587 25 47 46
588 25 57 46
589 26 0 0
590 26 8 0
591 26 25 0
592 26 42 0
593 26 52 0
594 26 64 0
595 26 0 27
596 26 18 27
597 26 34 27
598 26 46 27
599 26 55 27
600 26 73 27
601 27 0 0
602 27 9 0
603 27 18 0
604 27 30 0
605 27 48 0
606 27 62 0
607 27 76 0
608 27 0 29
609 27 19 29
610 27 38 29
611 27 57 29
612 27 76 29
613 28 0 0
614 28 11 0
615 28 31 0
616 28 42 0
617 28 51 0
618 28 64 0
619 28 77 0
620 28 0 26
621 28 17 26
622 28 34 26
623 28 46 26
624 28 62 26
625 28 72 26
626 28 87 26
627 28 0 71
628 28 18 71
629 29 0 0
630 29 15 0
631 29 24 0
632 29 34 0
633 29 44 0
634 29 53 0
635 29 64 0
636 29 75 0
637 29 0 35
638 29 13 35
639 29 26 35
640 29 39 35
641 29 58 35
642 29 66 35
643 29 85 35
644 29 0 73
645 30 19 0
646 30 28 0
647 30 37 0
648 30 54 0
649 30 74 0
650 30 0 23
651 30 20 23
652 30 40 23
653 30 51 23
654 30 72 23
655 30 0 45
656 30 11 45
657 30 22 45
658 30 43 45
659 31 0 0
660 31 8 0
661 31 23 0
662 31 38 0
663 31 51 0
664 31 64 0
665 31 0 26
666 31 18 26
667 31 31 26
668 31 41 26
669 31 60 26
670 31 0 51
671 31 19 51
672 31 36 51
673 31 53 51
674 31 70 51
675 31 84 51
676 32 0 0
677 32 20 0
678 32 30 0
679 32 50 0
680 32 62 0
681 32 0 24
682 32 20 24
683 32 30 24
684 32 40 24
685 32 60 24
686 32 76 24
687 32 0 47
688 32 22 47
689 32 40 47
690 32 54 47
691 32 68 47
692 32 80 47
693 33 0 0
694 33 17 0
695 33 34 0
696 33 51 0
697 33 70 0
698 33 0 26
699 33 13 26
700 33 24 26
701 33 35 26
702 33 50 26
703 33 66 26
704 33 0 57
705 33 16 57
706 33 32 57
707 33 52 57
708 33 72 57
709 34 0 0
710 34 20 0
711 34 38 0
712 34 59 0
713 34 0 24
714 34 21 24
715 34 42 24
716 34 63 24
717 34 0 48
718 34 21 48
719 34 32 48
720 34 54 48
721 34 0 71
722 35 22 0
723 35 39 0
724 35 54 0
725 35 69 0
726 35 86 0
727 35 0 51
728 36 19 0
729 36 28 0
730 36 37 0
731 36 49 0
732 36 61 0
733 36 73 0
734 36 0 37
735 36 13 37
736 36 26 37
737 36 39 37
738 36 52 37
739 36 65 37
740 36 85 37
741 37 0 0
742 37 20 0
743 37 40 0
744 37 53 0
745 37 71 0
746 37 0 29
747 37 18 29
748 37 39 29
749 37 60 29
750 37 75 29
751 38 0 0
752 38 22 0
753 38 33 0
754 38 55 0
755 38 77 0
756 38 0 44
757 38 22 44
758 38 38 44
759 38 49 44
760 38 72 44
761 38 82 44
762 39 0 0
763 39 13 0
764 39 26 0
765 39 37 0
766 39 49 0
767 39 67 0
768 39 82 0
769 39 0 45
770 39 20 45
771 40 0 0
772 40 10 0
773 40 22 0
774 40 42 0
775 40 59 0
776 40 76 0
777 40 0 42
778 40 21 42
779 40 34 42
780 40 47 42
781 40 68 42
782 41 0 0
783 41 11 0
784 41 22 0
785 41 41 0
786 41 53 0
787 41 0 24
788 41 23 24
789 41 35 24
790 41 47 24
791 41 62 24
792 41 77 24
793 41 0 61
794 41 18 61
795 42 0 0
796 42 13 0
797 42 33 0
798 42 47 0
799 42 67 0
800 42 87 0
801 42 0 56
802 43 20 0
803 43 30 0
804 43 50 0
805 43 70 0
806 43 0 40
807 43 17 40
808 43 34 40
809 43 46 40
810 43 67 40
811 43 0 67
812 44 21 0
813 44 36 0
814 44 51 0
815 44 66 0
816 44 0 44
817 44 22 44
818 44 35 44
819 44 46 44
820 44 68 44
821 44 0 70
822 44 22 70
823 45 0 0
824 45 14 0
825 45 37 0
826 45 60 0
827 45 72 0
828 45 0 48
829 45 16 48
830 45 32 48
831 45 48 48
832 45 65 48
833 45 82 48
834 46 0 0
835 46 13 0
836 46 34 0
837 46 46 0
838 46 65 0
839 46 0 31
840 46 19 31
841 46 35 31
842 46 51 31
843 46 73 31
844 46 0 58
845 46 22 58
846 46 39 58
847 46 62 58
848 47 0 0
849 47 20 0
850 47 35 0
851 47 55 0
852 47 75 0
853 48 0 0
854 48 12 0
855 48 26 0
856 48 37 0
857 48 56 0
858 48 75 0
859 48 0 38
860 48 16 38
861 48 35 38
862 48 54 38
863 48 75 38
864 48 0 67
865 49 21 0
866 49 34 0
867 49 47 0
868 49 60 0
869 49 73 0
870 49 0 51
871 50 18 0
872 50 27 0
873 50 42 0
874 50 56 0
875 50 0 28
876 50 22 28
877 50 36 28
878 50 50 28
879 50 72 28
880 51 0 0
881 51 20 0
882 51 43 0
883 51 66 0
884 51 0 27
885 51 23 27
886 51 46 27
887 51 70 27
888 51 0 53
889 51 19 53
890 51 38 53
891 51 55 53
892 51 72 53
893 52 0 0
894 52 14 0
895 52 32 0
896 52 46 0
897 52 67 0
898 52 0 35
899 52 14 35
900 52 28 35
901 52 46 35
902 52 59 35
903 52 0 64
904 53 22 0
905 53 38 0
906 53 54 0
907 53 68 0
908 53 82 0
909 53 0 46
910 53 19 46
911 54 0 0
912 54 9 0
913 54 27 0
914 54 52 0
915 54 0 26
916 54 25 26
917 54 38 26
918 54 51 26
919 54 76 26
920 55 0 0
921 55 21 0
922 55 37 0
923 55 51 0
924 55 65 0
925 55 0 47
926 55 22 47
927 55 44 47
928 55 66 47
929 56 0 0
930 56 20 0
931 56 35 0
932 56 47 0
933 56 59 0
934 56 76 0
935 56 0 39
936 56 17 39
937 56 36 39
938 56 54 39
939 56 72 39
940 56 0 68
941 56 23 68
942 56 46 68
943 57 0 0
944 57 21 0
945 57 45 0
946 57 66 0
947 57 80 0
948 57 0 45
949 57 15 45
950 57 41 45
951 58 0 0
952 58 7 0
953 58 17 0
954 58 37 0
955 58 57 0
956 58 79 0
957 59 0 0
958 59 12 0
959 59 26 0
960 59 40 0
961 59 54 0
962 59 70 0
963 59 0 43
964 59 13 43
965 59 36 43
966 59 51 43
967 60 0 0
968 60 11 0
969 60 32 0
970 60 53 0
971 60 0 29
972 60 24 29
973 60 48 29
974 60 65 29
975 60 82 29
976 61 0 0
977 61 20 0
978 61 40 0
979 61 65 0
980 61 0 28
981 61 20 28
982 61 40 28
983 61 54 28
984 61 72 28
985 61 0 67
986 62 26 0
987 62 39 0
988 62 62 0
989 62 76 0
990 62 0 34
991 62 17 34
992 62 38 34
993 62 54 34
994 62 70 34
995 63 0 0
996 63 18 0
997 63 42 0
998 63 60 0
999 63 76 0
1000 63 0 45
1001 63 19 45
1002 63 38 45
1003 63 63 45
1004 64 0 0
1005 64 25 0
1006 64 50 0
1007 64 0 29
1008 64 26 29
1009 64 40 29
1010 64 66 29
1011 65 0 0
1012 65 17 0
1013 65 38 0
1014 65 53 0
1015 65 74 0
1016 66 0 0
1017 66 15 0
1018 66 36 0
1019 66 59 0
1020 66 0 32
1021 66 23 32
1022 66 41 32
1023 66 54 32
1024 66 68 32
1025 66 80 32
1026 67 0 0
1027 67 17 0
1028 67 39 0
1029 67 56 0
1030 67 73 0
1031 67 0 44
1032 67 22 44
1033 67 37 44
1034 67 52 44
1035 67 67 44
1036 68 0 0
1037 68 15 0
1038 68 41 0
1039 68 67 0
1040 68 0 29
1041 68 18 29
1042 68 45 29
1043 68 66 29
1044 69 0 0
1045 69 21 0
1046 69 35 0
1047 69 62 0
1048 69 0 42
1049 69 18 42
1050 69 41 42
1051 69 58 42
1052 69 73 42
1053 70 0 0
1054 70 15 0
1055 70 32 0
1056 70 47 0
1057 70 63 0
1058 70 0 35
1059 70 22 35
1060 70 40 35
1061 70 65 35
1062 71 0 0
1063 71 8 0
1064 71 16 0
1065 71 37 0
1066 71 56 0
1067 71 71 0
1068 71 0 30
1069 71 15 30
1070 71 41 30
1071 71 67 30
1072 72 0 0
1073 72 13 0
1074 72 30 0
1075 72 53 0
1076 72 0 29
1077 72 27 29
1078 72 41 29
1079 72 57 29
1080 72 0 62
1081 72 24 62
1082 73 0 0
1083 73 22 0
1084 73 46 0
1085 73 68 0
1086 73 0 44
1087 73 15 44
1088 73 30 44
1089 73 51 44
1090 73 72 44
1091 74 0 0
1092 74 17 0
1093 74 34 0
1094 74 51 0
1095 74 76 0
1096 74 0 40
1097 74 25 40
1098 74 41 40
1099 74 66 40
1100 75 0 0
1101 75 16 0
1102 75 39 0
1103 75 62 0
1104 75 0 45
1105 75 18 45
1106 75 36 45
1107 75 54 45
1108 76 0 0
1109 76 22 0
1110 76 46 0
1111 76 62 0
1112 76 0 34
1113 76 17 34
1114 76 33 34
1115 76 49 34
1116 76 68 34
1117 77 0 0
1118 77 19 0
1119 77 39 0
1120 77 64 0
1121 77 0 55
1122 78 25 0
1123 78 39 0
1124 78 62 0
1125 78 0 36
1126 78 16 36
1127 78 32 36
1128 78 48 36
1129 78 74 36
1130 79 0 0
1131 79 17 0
1132 79 34 0
1133 79 56 0
1134 79 75 0
1135 79 0 38
1136 79 19 38
1137 79 38 38
1138 79 60 38
1139 80 0 0
1140 80 15 0
1141 80 36 0
1142 80 60 0
1143 80 0 30
1144 80 21 30
1145 80 45 30
1146 80 66 30
1147 81 0 0
1148 81 21 0
1149 81 45 0
1150 81 66 0
1151 81 0 42
1152 81 24 42
1153 81 53 42
1154 82 0 0
1155 82 13 0
1156 82 31 0
1157 82 46 0
1158 82 65 0
1159 82 80 0
1160 83 0 0
1161 83 10 0
1162 83 30 0
1163 83 50 0
1164 83 71 0
1165 83 0 48
1166 83 24 48
1167 83 42 48
1168 83 66 48
1169 84 0 0
1170 84 24 0
1171 84 52 0
1172 84 66 0
1173 84 80 0
1174 84 0 58
1175 85 29 0
1176 85 38 0
1177 85 57 0
1178 85 0 38
1179 85 25 38
1180 85 45 38
1181 85 61 38
1182 86 0 0
1183 86 14 0
1184 86 32 0
1185 86 45 0
1186 86 71 0
1187 86 0 37
1188 86 24 37
1189 86 48 37
1190 86 72 37
1191 87 0 0
1192 87 16 0
1193 87 32 0
1194 87 55 0
1195 87 68 0
1196 87 0 31
1197 87 29 31
1198 87 58 31
1199 87 76 31
1200 88 0 0
1201 88 20 0
1202 88 45 0
1203 88 65 0
1204 89 0 0
1205 89 17 0
1206 89 38 0
1207 89 64 0
1208 89 0 35
1209 89 19 35
1210 89 34 35
1211 89 51 35
1212 89 68 35
1213 90 0 0
1214 90 21 0
1215 90 49 0
1216 90 0 37
1217 90 30 37
1218 90 49 37
1219 90 68 37
1220 91 0 0
1221 91 26 0
1222 91 44 0
1223 91 70 0
1224 91 0 41
1225 92 23 0
1226 92 39 0
1227 92 58 0
1228 92 0 38
1229 92 24 38
1230 92 48 38
1231 92 74 38
1232 93 0 0
1233 93 23 0
1234 93 46 0
1235 93 69 0
1236 94 0 0
1237 94 15 0
1238 94 31 0
1239 94 59 0
1240 94 0 41
1241 94 24 41
1242 94 53 41
1243 95 0 0
1244 95 26 0
1245 95 45 0
1246 95 0 38
1247 95 30 38
1248 95 52 38
1249 96 0 0
1250 96 30 0
1251 96 46 0
1252 96 62 0
1253 97 0 0
1254 97 15 0
1255 97 36 0
1256 97 57 0
1257 97 0 36
1258 97 23 36
1259 97 46 36
1260 98 0 0
1261 98 15 0
1262 98 45 0
1263 98 65 0
1264 98 0 34
1265 98 20 34
1266 98 45 34
1267 98 66 34
1268 99 0 0
1269 99 24 0
1270 99 46 0
1271 99 74 0
1272 100 0 0
1273 100 20 0
1274 100 40 0
1275 100 66 0
1276 101 0 0
1277 101 20 0
1278 101 49 0
1279 101 0 35
1280 101 30 35
1281 101 57 35
1282 102 0 0
1283 102 31 0
1284 102 63 0
1285 102 0 48
1286 102 24 48
1287 102 47 48
1288 103 0 0
1289 103 20 0
1290 103 46 0
1291 103 57 0
1292 103 0 43
1293 103 22 43
1294 103 44 43
1295 103 64 43
1296 104 0 0
1297 104 30 0
1298 104 60 0
1299 104 78 0
1300 105 0 0
1301 105 21 0
1302 105 46 0
1303 105 68 0
1304 105 0 55
1305 106 29 0
1306 106 53 0
1307 106 67 0
1308 106 0 53
1309 106 31 53
1310 107 0 0
1311 107 18 0
1312 107 31 0
1313 107 57 0
1314 107 0 40
1315 107 20 40
1316 107 45 40
1317 107 69 40
1318 108 0 0
1319 108 20 0
1320 108 42 0
1321 108 73 0
1322 108 0 50
1323 108 32 50
1324 108 64 50
1325 109 0 0
1326 109 17 0
1327 109 34 0
1328 109 46 0
1329 109 68 0
1330 110 0 0
1331 110 23 0
1332 110 47 0
1333 110 71 0
1334 110 0 49
1335 111 32 0
1336 111 54 0
1337 111 0 44
1338 111 27 44
1339 111 54 44
1340 112 0 0
1341 112 23 0
1342 112 48 0
1343 112 0 43
1344 112 28 43
1345 112 56 43
1346 113 0 0
1347 113 22 0
1348 113 45 0
1349 113 0 37
1350 114 26 0
1351 114 44 0
1352 114 0 35
1353 114 30 35
1354 114 60 35
1355 115 0 0
1356 115 21 0
1357 115 41 0
1358 115 0 40
1359 115 31 40
1360 115 57 40
1361 116 0 0
1362 116 24 0
1363 116 49 0
1364 117 0 0
1365 117 25 0
1366 117 59 0
1367 117 0 45
1368 118 0 0
1369 118 13 0
1370 118 35 0
1371 118 53 0
1372 119 0 0
1373 119 21 0
1374 119 44 0
1375 119 70 0
1376 120 0 0
1377 120 24 0
1378 120 51 0
1379 121 0 0
1380 121 25 0
1381 121 51 0
1382 121 0 43
1383 121 29 43
1384 121 57 43
1385 122 0 0
1386 122 25 0
1387 122 51 0
1388 123 0 0
1389 123 14 0
1390 123 34 0
1391 123 63 0
1392 123 0 47
1393 124 0 0
1394 124 26 0
1395 124 56 0
1396 125 0 0
1397 125 33 0
1398 125 0 42
1399 126 33 0
1400 126 54 0
1401 127 0 0
1402 127 32 0
1403 127 64 0
1404 128 0 0
1405 128 21 0
1406 128 49 0
1407 128 70 0
1408 129 0 0
1409 129 26 0
1410 129 54 0
1411 130 0 0
1412 130 26 0
1413 130 51 0
1414 131 0 0
1415 131 32 0
1416 131 59 0
1417 131 0 56
1418 131 37 56
1419 132 0 0
1420 132 26 0
1421 132 53 0
1422 132 73 0
1423 133 0 0
1424 133 36 0
1425 133 61 0
1426 133 0 50
1427 133 33 50
1428 134 0 0
1429 134 26 0
1430 134 49 0
1431 134 0 49
1432 135 0 0
1433 135 31 0
1434 135 62 0
1435 136 0 0
1436 136 30 0
1437 136 60 0
1438 137 0 0
1439 137 29 0
1440 137 57 0
1441 138 0 0
1442 138 33 0
1443 138 61 0
1444 139 0 0
1445 139 29 0
1446 139 0 44
1447 139 34 44
1448 140 0 0
1449 140 29 0
1450 140 53 0
1451 140 0 52
1452 141 0 0
1453 141 29 0
1454 141 0 50
1455 141 37 50
1456 142 0 0
1457 142 34 0
1458 142 0 47
1459 142 38 47
1460 143 0 0
1461 143 33 0
1462 144 0 0
1463 144 31 0
1464 145 0 0
1465 145 37 0
1466 145 0 45
1467 145 35 45
1468 146 0 0
1469 146 38 0
1470 147 0 0
1471 147 27 0
1472 148 0 0
1473 148 42 0
1474 149 0 0
1475 149 33 0
1476 150 0 0
1477 150 45 0
1478 151 0 0
1479 151 41 0
1480 152 0 0
1481 152 46 0
1482 153 0 0
1483 153 39 0
1484 154 0 0
1485 154 35 0
1486 155 0 0
1487 155 40 0
1488 156 0 0
1489 156 40 0
1490 157 0 0
1491 157 41 0
1492 158 0 0
1493 158 44 0
1494 159 0 0
1495 160 0 0
1496 161 0 0
1497 162 0 0